2025
Tax Table

See the instructions for line 16 to see if you must use the Tax Table
below to figure your tax.

Example. A married couple is filing a joint return. Their taxable income on Form
1040, line 15, is $25,300. First, they find the $25,300-25,350 taxable income line.
Next, they find the column for married filing jointly and read down the column. The
amount shown where the taxable income line and filing status column meet is
$2,562. This is the tax amount they should enter in the entry space on Form 1040,
line 16.

If line 15
(taxable
income) is—

At
least

But
less
than

And you are—

If line 15
(taxable
income) is—

And you are—

If line 15
(taxable
income) is—

And you are—

Single Married

filing
jointly *

Married
filing
sepa-
rately

Head of
a
house-
hold

At
least

But
less
than

Single Married

filing
jointly *

Married
filing
sepa-
rately

Head of
a
house-
hold

At
least

But
less
than

Single Married

filing
jointly *

Married
filing
sepa-
rately

Head of
a
house-
hold

Your tax is—

Your tax is—

Your tax is—

0
5
15
25
50

75
100
125
150
175

200
225
250
275
300

325
350
375
400
425

450
475
500
525
550

575
600
625
650
675

700
725
750
775
800

825
850
875
900
925

950
975

5
15
25
50
75

100
125
150
175
200

225
250
275
300
325

350
375
400
425
450

475
500
525
550
575

600
625
650
675
700

725
750
775
800
825

850
875
900
925
950

975
1,000

0
1
2
4
6

9
11
14
16
19

21
24
26
29
31

34
36
39
41
44

46
49
51
54
56

59
61
64
66
69

71
74
76
79
81

84
86
89
91
94

96
99

0
1
2
4
6

9
11
14
16
19

21
24
26
29
31

34
36
39
41
44

46
49
51
54
56

59
61
64
66
69

71
74
76
79
81

84
86
89
91
94

96
99

0
1
2
4
6

9
11
14
16
19

21
24
26
29
31

34
36
39
41
44

46
49
51
54
56

59
61
64
66
69

71
74
76
79
81

84
86
89
91
94

96
99

0
1
2
4
6

9
11
14
16
19

21
24
26
29
31

34
36
39
41
44

46
49
51
54
56

59
61
64
66
69

71
74
76
79
81

84
86
89
91
94

96
99

1,000
1,000
1,025
1,050
1,075
1,100
1,125
1,150
1,175
1,200
1,225
1,250
1,275
1,300
1,325
1,350
1,375
1,400
1,425
1,450
1,475
1,500
1,525
1,550
1,575
1,600
1,625
1,650
1,675
1,700
1,725
1,750
1,775
1,800
1,825
1,850
1,875
1,900
1,925
1,950
1,975

1,025
1,050
1,075
1,100
1,125
1,150
1,175
1,200
1,225
1,250
1,275
1,300
1,325
1,350
1,375
1,400
1,425
1,450
1,475
1,500
1,525
1,550
1,575
1,600
1,625
1,650
1,675
1,700
1,725
1,750
1,775
1,800
1,825
1,850
1,875
1,900
1,925
1,950
1,975
2,000

101
104
106
109
111
114
116
119
121
124
126
129
131
134
136
139
141
144
146
149
151
154
156
159
161
164
166
169
171
174
176
179
181
184
186
189
191
194
196
199

101
104
106
109
111
114
116
119
121
124
126
129
131
134
136
139
141
144
146
149
151
154
156
159
161
164
166
169
171
174
176
179
181
184
186
189
191
194
196
199

101
104
106
109
111
114
116
119
121
124
126
129
131
134
136
139
141
144
146
149
151
154
156
159
161
164
166
169
171
174
176
179
181
184
186
189
191
194
196
199

101
104
106
109
111
114
116
119
121
124
126
129
131
134
136
139
141
144
146
149
151
154
156
159
161
164
166
169
171
174
176
179
181
184
186
189
191
194
196
199

2,000
2,000
2,025
2,050
2,075
2,100
2,125
2,150
2,175
2,200
2,225
2,250
2,275
2,300
2,325
2,350
2,375
2,400
2,425
2,450
2,475
2,500
2,525
2,550
2,575
2,600
2,625
2,650
2,675
2,700
2,725
2,750
2,775
2,800
2,825
2,850
2,875
2,900
2,925
2,950
2,975

2,025
2,050
2,075
2,100
2,125
2,150
2,175
2,200
2,225
2,250
2,275
2,300
2,325
2,350
2,375
2,400
2,425
2,450
2,475
2,500
2,525
2,550
2,575
2,600
2,625
2,650
2,675
2,700
2,725
2,750
2,775
2,800
2,825
2,850
2,875
2,900
2,925
2,950
2,975
3,000

201
204
206
209
211
214
216
219
221
224
226
229
231
234
236
239
241
244
246
249
251
254
256
259
261
264
266
269
271
274
276
279
281
284
286
289
291
294
296
299

201
204
206
209
211
214
216
219
221
224
226
229
231
234
236
239
241
244
246
249
251
254
256
259
261
264
266
269
271
274
276
279
281
284
286
289
291
294
296
299

201
204
206
209
211
214
216
219
221
224
226
229
231
234
236
239
241
244
246
249
251
254
256
259
261
264
266
269
271
274
276
279
281
284
286
289
291
294
296
299

201
204
206
209
211
214
216
219
221
224
226
229
231
234
236
239
241
244
246
249
251
254
256
259
261
264
266
269
271
274
276
279
281
284
286
289
291
294
296
299

* This column must also be used by a qualifying surviving spouse.

2

(Continued)

Publication 1040 (2025)

!

CAUTION

Sample Table

At
Least

But
Less
Than

Single Married

filing
jointly*

Married
filing
sepa-
rately

Head
of a
house-
hold

25,200
25,250
25,300
25,350

25,250
25,300
25,350
25,400

2,789
2,795
2,801
2,807

Your tax is—
2,789
2,550
2,556
2,795
2,801
2,562
2,807
2,568

2,687
2,693
2,699
2,705
If line 15
(taxable
income) is—

At
least

But
less
than

And you are—

If line 15
(taxable
income) is—

And you are—

If line 15
(taxable
income) is—

And you are—

Single Married

filing
jointly *

Married
filing
sepa-
rately

Head of
a
house-
hold

At
least

But
less
than

Single Married

filing
jointly *

Married
filing
sepa-
rately

Head of
a
house-
hold

At
least

But
less
than

Single Married

filing
jointly *

Married
filing
sepa-
rately

Head of
a
house-
hold

Your tax is—

Your tax is—

Your tax is—

2025 Tax Table — Continued

99,000
99,050
99,000
99,100
99,050
99,150
99,100
99,200
99,150
99,250
99,200
99,300
99,250
99,350
99,300
99,400
99,350
99,450
99,400
99,500
99,450
99,550
99,500
99,600
99,550
99,650
99,600
99,700
99,650
99,750
99,700
99,800
99,750
99,850
99,800
99,850
99,900
99,950
99,900
99,950 100,000

16,700
16,711
16,722
16,733
16,744
16,755
16,766
16,777
16,788
16,799
16,810
16,821
16,832
16,843
16,854
16,865
16,876
16,887
16,898
16,909

11,614
11,625
11,636
11,647
11,658
11,669
11,680
11,691
11,702
11,713
11,724
11,735
11,746
11,757
11,768
11,779
11,790
11,801
11,812
11,823

16,700
16,711
16,722
16,733
16,744
16,755
16,766
16,777
16,788
16,799
16,810
16,821
16,832
16,843
16,854
16,865
16,876
16,887
16,898
16,909

14,961
14,972
14,983
14,994
15,005
15,016
15,027
15,038
15,049
15,060
15,071
15,082
15,093
15,104
15,115
15,126
15,137
15,148
15,159
15,170

$100,000
or over
use the Tax
Computation
Worksheet

93,000
93,050
93,000
93,100
93,050
93,150
93,100
93,200
93,150
93,250
93,200
93,300
93,250
93,350
93,300
93,400
93,350
93,450
93,400
93,500
93,450
93,550
93,500
93,600
93,550
93,650
93,600
93,700
93,650
93,750
93,700
93,800
93,750
93,850
93,800
93,900
93,850
93,950
93,900
93,950
94,000
94,000
94,050
94,000
94,100
94,050
94,150
94,100
94,200
94,150
94,250
94,200
94,300
94,250
94,350
94,300
94,400
94,350
94,450
94,400
94,500
94,450
94,550
94,500
94,600
94,550
94,650
94,600
94,700
94,650
94,750
94,700
94,800
94,750
94,850
94,800
94,900
94,850
94,950
94,900
94,950
95,000
95,000
95,050
95,000
95,100
95,050
95,150
95,100
95,200
95,150
95,250
95,200
95,300
95,250
95,350
95,300
95,400
95,350
95,450
95,400
95,500
95,450
95,550
95,500
95,600
95,550
95,650
95,600
95,700
95,650
95,750
95,700
95,800
95,750
95,850
95,800
95,900
95,850
95,950
95,900
96,000
95,950

15,380
15,391
15,402
15,413
15,424
15,435
15,446
15,457
15,468
15,479
15,490
15,501
15,512
15,523
15,534
15,545
15,556
15,567
15,578
15,589

15,600
15,611
15,622
15,633
15,644
15,655
15,666
15,677
15,688
15,699
15,710
15,721
15,732
15,743
15,754
15,765
15,776
15,787
15,798
15,809

15,820
15,831
15,842
15,853
15,864
15,875
15,886
15,897
15,908
15,919
15,930
15,941
15,952
15,963
15,974
15,985
15,996
16,007
16,018
16,029

10,686
10,692
10,698
10,704
10,710
10,716
10,722
10,728
10,734
10,740
10,746
10,752
10,758
10,764
10,770
10,776
10,782
10,788
10,794
10,800

10,806
10,812
10,818
10,824
10,830
10,836
10,842
10,848
10,854
10,860
10,866
10,872
10,878
10,884
10,890
10,896
10,902
10,908
10,914
10,920

10,926
10,932
10,938
10,944
10,950
10,956
10,962
10,968
10,974
10,980
10,986
10,992
10,998
11,004
11,010
11,016
11,022
11,028
11,034
11,040

15,380
15,391
15,402
15,413
15,424
15,435
15,446
15,457
15,468
15,479
15,490
15,501
15,512
15,523
15,534
15,545
15,556
15,567
15,578
15,589

15,600
15,611
15,622
15,633
15,644
15,655
15,666
15,677
15,688
15,699
15,710
15,721
15,732
15,743
15,754
15,765
15,776
15,787
15,798
15,809

15,820
15,831
15,842
15,853
15,864
15,875
15,886
15,897
15,908
15,919
15,930
15,941
15,952
15,963
15,974
15,985
15,996
16,007
16,018
16,029

13,641
13,652
13,663
13,674
13,685
13,696
13,707
13,718
13,729
13,740
13,751
13,762
13,773
13,784
13,795
13,806
13,817
13,828
13,839
13,850

13,861
13,872
13,883
13,894
13,905
13,916
13,927
13,938
13,949
13,960
13,971
13,982
13,993
14,004
14,015
14,026
14,037
14,048
14,059
14,070

14,081
14,092
14,103
14,114
14,125
14,136
14,147
14,158
14,169
14,180
14,191
14,202
14,213
14,224
14,235
14,246
14,257
14,268
14,279
14,290

96,000
96,050
96,000
96,100
96,050
96,150
96,100
96,200
96,150
96,250
96,200
96,300
96,250
96,350
96,300
96,400
96,350
96,450
96,400
96,500
96,450
96,550
96,500
96,600
96,550
96,650
96,600
96,700
96,650
96,750
96,700
96,800
96,750
96,850
96,800
96,900
96,850
96,950
96,900
96,950
97,000
97,000
97,050
97,000
97,100
97,050
97,150
97,100
97,200
97,150
97,250
97,200
97,300
97,250
97,350
97,300
97,400
97,350
97,450
97,400
97,500
97,450
97,550
97,500
97,600
97,550
97,650
97,600
97,700
97,650
97,750
97,700
97,800
97,750
97,850
97,800
97,900
97,850
97,950
97,900
97,950
98,000
98,000
98,050
98,000
98,100
98,050
98,150
98,100
98,200
98,150
98,250
98,200
98,300
98,250
98,350
98,300
98,400
98,350
98,450
98,400
98,500
98,450
98,550
98,500
98,600
98,550
98,650
98,600
98,700
98,650
98,750
98,700
98,800
98,750
98,850
98,800
98,900
98,850
98,950
98,900
99,000
98,950

16,040
16,051
16,062
16,073
16,084
16,095
16,106
16,117
16,128
16,139
16,150
16,161
16,172
16,183
16,194
16,205
16,216
16,227
16,238
16,249

16,260
16,271
16,282
16,293
16,304
16,315
16,326
16,337
16,348
16,359
16,370
16,381
16,392
16,403
16,414
16,425
16,436
16,447
16,458
16,469

16,480
16,491
16,502
16,513
16,524
16,535
16,546
16,557
16,568
16,579
16,590
16,601
16,612
16,623
16,634
16,645
16,656
16,667
16,678
16,689

11,046
11,052
11,058
11,064
11,070
11,076
11,082
11,088
11,094
11,100
11,106
11,112
11,118
11,124
11,130
11,136
11,142
11,148
11,154
11,163

11,174
11,185
11,196
11,207
11,218
11,229
11,240
11,251
11,262
11,273
11,284
11,295
11,306
11,317
11,328
11,339
11,350
11,361
11,372
11,383

11,394
11,405
11,416
11,427
11,438
11,449
11,460
11,471
11,482
11,493
11,504
11,515
11,526
11,537
11,548
11,559
11,570
11,581
11,592
11,603

16,040
16,051
16,062
16,073
16,084
16,095
16,106
16,117
16,128
16,139
16,150
16,161
16,172
16,183
16,194
16,205
16,216
16,227
16,238
16,249

16,260
16,271
16,282
16,293
16,304
16,315
16,326
16,337
16,348
16,359
16,370
16,381
16,392
16,403
16,414
16,425
16,436
16,447
16,458
16,469

16,480
16,491
16,502
16,513
16,524
16,535
16,546
16,557
16,568
16,579
16,590
16,601
16,612
16,623
16,634
16,645
16,656
16,667
16,678
16,689

14,301
14,312
14,323
14,334
14,345
14,356
14,367
14,378
14,389
14,400
14,411
14,422
14,433
14,444
14,455
14,466
14,477
14,488
14,499
14,510

14,521
14,532
14,543
14,554
14,565
14,576
14,587
14,598
14,609
14,620
14,631
14,642
14,653
14,664
14,675
14,686
14,697
14,708
14,719
14,730

14,741
14,752
14,763
14,774
14,785
14,796
14,807
14,818
14,829
14,840
14,851
14,862
14,873
14,884
14,895
14,906
14,917
14,928
14,939
14,950

* This column must also be used by a qualifying surviving spouse.

Publication 1040 (2025)

13
2025 Tax Computation Worksheet—Line 16

See Line 16 in the Instructions for Form 1040 to see if you must use the worksheet below to figure your tax.

Note. If you’re required to use this worksheet to figure the tax on an amount from another form or worksheet, such as the Qualified
Dividends and Capital Gain Tax Worksheet, the Schedule D Tax Worksheet, Schedule J, Form 8615, or the Foreign Earned Income Tax
Worksheet, enter the amount from that form or worksheet in column (a) of the row that applies to the amount you’re looking up. Enter the
result on the appropriate line of the form or worksheet that you’re completing.

Section A—Use if your filing status is Single. Complete the row below that applies to you.

Taxable income.
If line 15 is—

(a)
Enter the amount from
line 15.

At least $100,000 but not over $103,350

Over $103,350 but not over $197,300

Over $197,300 but not over $250,525

Over $250,525 but not over $626,350

Over $626,350

$

$

$

$

$

(c)
Multiply
(a) by (b).

(b)
Multiplication
amount.

× 22% (0.22)

× 24% (0.24)

× 32% (0.32)

× 35% (0.35)

× 37% (0.37)

$

$

$

$

$

(d)
Subtraction
amount.

$ 5,086.00

$ 7,153.00

$ 22,937.00

$ 30,452.75

$ 42,979.75

Tax.
Subtract (d) from (c).
Enter the result here and
on Form 1040 or
1040-SR, line 16.

$

$

$

$

$

Section B—Use if your filing status is Married filing jointly or Qualifying surviving spouse. Complete the row below
that applies to you.

Taxable income.
If line 15 is—

(a)
Enter the amount
from line 15.

At least $100,000 but not over $206,700

Over $206,700 but not over $394,600

Over $394,600 but not over $501,050

Over $501,050 but not over $751,600

Over $751,600

$

$

$

$

$

(b)
Multiplication
amount.

× 22% (0.22)

× 24% (0.24)

× 32% (0.32)

× 35% (0.35)

× 37% (0.37)

$

$

$

$

$

(c)
Multiply
(a) by (b).

(d)
Subtraction amount.

Tax.
Subtract (d) from (c).
Enter the result here and
on Form 1040 or
1040-SR, line 16.

$ 10,172.00

$ 14,306.00

$ 45,874.00

$ 60,905.50

$ 75,937.50

$

$

$

$

$

Section C—Use if your filing status is Married filing separately. Complete the row below that applies to you.

Taxable income.
If line 15 is—

(a)
Enter the amount from
line 15.

At least $100,000 but not over $103,350

Over $103,350 but not over $197,300

Over $197,300 but not over $250,525

Over $250,525 but not over $375,800

Over $375,800

$

$

$

$

$

(b)
Multiplication
amount.

× 22% (0.22)

× 24% (0.24)

× 32% (0.32)

× 35% (0.35)

× 37% (0.37)

$

$

$

$

$

(c)
Multiply
(a) by (b).

(d)
Subtraction amount.

Tax.
Subtract (d) from (c).
Enter the result here and
on Form 1040 or
1040-SR, line 16.

$ 5,086.00

$ 7,153.00

$ 22,937.00

$ 30,452.75

$ 37,968.75

$

$

$

$

$

14

Publication 1040 (2025)

!

CAUTION